587
454
301
537
275
434
689
265
408
544
241
216
693
630
310
325
682
698
514
601
652
260
427
456
578
362
613
437
675
590
511
492
213
381
201
311
329
520
217
660
202
296
567
651
310
525
227
293
371
506
676
582
345
321
617
506
644
328
276
287
232
421
616
455
700
542
224
458
472
511
595
474
590
270
285
328
259
429
503
345
363
229
217
449
485
657
497
307
690
322
316
309
687
681
468
691
353
270
391
344
376
623
699
447
686
604
408
386
514
492
250
248
654
664
234
314
209
222
651
328
432
478
490
384
292
246
626
358
431
200
677
418
539
461
243
495
630
506
368
292
243
318
412
355
232
580
221
617
547
570